waypoints:
# 1:
- latitude: 38.161434888369726
  longitude: -122.45462742199845
  yaw: 0.7861881069088523
# 2:
- latitude: 38.16140882842357
  longitude: -122.45458254476202
  yaw: 1.25

# 3:
- latitude: 38.161465063628015
  longitude: -122.4545265122065
  yaw: 2.8
# 4:
- latitude: 38.16149458791651
  longitude: -122.45456767494159
  yaw: 4.3